18 18 18 18 18 18 18 18 18 18 18 18 18 18 18 18 18 18 18 18 18 18 18 18 18 18 18 18 18 18 18 18 18 18 18 18 18 18 18 18 18 18 18 18 18 18 18 18 18 18 
18 18 18 18 18 18 18 18 18 18 18 18 18 18 18 18 18 18 18 18 18 18 18 18 18 18 18 18 18 18 18 18 18 18 18 18 18 18 18 18 18 18 18 18 18 18 18 18 18 18 
18 18 18 18 18 18 18 18 18 18 18 18 18 18 18 18 18 18 18 18 18 18 18 18 18 18 18 18 18 18 18 18 18 18 18 18 18 18 18 18 18 18 18 18 18 18 18 18 18 18 
18 18 18 18 18 18 18 18 18 18 18 18 18 18 18 18 18 18 18 18 18 18 18 18 18 18 18 18 18 18 18 18 18 18 18 18 18 18 18 18 18 18 18 18 18 18 18 18 18 18 
18 18 18 18 18 18 18 18 18 18 18 18 18 18 18 18 18 18 18 18 18 18 18 18 18 18 18 18 18 18 18 18 18 18 18 18 18 18 18 18 18 18 18 18 18 18 18 18 18 18 
18 18 18 18 18 18 18 18 18 18 18 18 18 18 18 18 18 18 18 18 18 18 18 18 18 18 18 18 18 18 18 18 18 18 18 18 18 18 18 18 18 18 18 18 18 18 18 18 18 18 
18 18 18 18 18 18 18 18 18 18 18 18 18 18 18 18 18 18 18 18 18 18 18 18 18 18 18 18 18 18 18 18 18 18 18 18 18 18 18 18 18 18 18 18 18 18 18 18 18 18 
18 18 18 18 18 18 18 18 18 18 18 18 18 18 18 18 18 18 18 18 18 18 18 18 18 18 18 18 18 18 18 18 18 18 18 18 18 18 18 18 18 18 18 18 18 18 18 18 18 18 
18 18 18 18 18 18 18 18 18 18 18 18 18 18 18 18 18 18 18 18 18 18 18 18 18 18 18 18 28 26 26 26 26 26 29 18 18 18 18 18 18 18 18 18 18 18 18 18 18 18 
18 18 18 18 18 18 18 18 18 18 18 18 18 18 18 18 18 28 26 29 18 18 18 18 18 18 28 26 27 16 16 16 1 1 25 26 26 26 26 26 26 29 18 18 18 18 18 18 18 18 
18 18 18 18 18 18 28 26 26 29 18 28 26 29 18 18 18 24 1 25 26 26 29 18 28 26 27 16 16 16 1 16 16 16 16 16 16 16 16 16 1 23 18 18 18 18 18 18 18 18 
18 18 18 18 18 18 24 1 2 25 26 27 1 25 29 28 26 27 32 32 32 32 25 26 27 16 16 16 16 1 2 1 1 1 1 16 16 1 16 16 16 25 29 18 18 18 18 18 18 18 
18 18 18 18 18 18 24 1 1 32 32 32 32 32 25 27 1 32 32 1 1 32 32 32 32 16 16 1 16 16 1 1 1 1 1 1 2 1 1 1 16 16 25 29 18 18 18 18 18 18 
18 18 18 18 18 18 30 22 32 32 1 1 1 32 32 32 32 32 1 1 1 1 1 32 32 16 16 16 16 16 1 2 1 1 1 1 1 1 1 2 16 16 1 23 18 18 18 18 18 18 
18 18 18 18 18 18 18 24 32 1 1 1 1 1 1 32 1 1 1 1 1 1 1 32 32 16 16 16 16 16 1 1 1 1 1 1 1 1 1 1 16 16 16 23 18 18 18 18 18 18 
18 18 18 18 18 18 18 24 32 1 1 1 1 1 1 32 1 1 1 1 1 1 1 32 32 16 16 16 16 1 1 1 1 1 1 1 1 1 1 2 16 16 16 23 18 18 18 18 18 18 
18 18 18 18 18 18 28 27 32 1 1 1 1 1 1 32 32 32 1 1 1 1 1 32 16 16 16 16 16 1 1 1 1 1 1 1 1 1 1 1 16 16 16 23 18 18 18 18 18 18 
18 18 18 18 18 28 27 32 32 1 1 1 1 1 1 1 1 32 1 1 1 1 1 32 16 16 16 16 16 1 1 1 1 1 1 1 1 1 1 1 1 16 16 23 18 18 18 18 18 18 
18 18 18 18 18 24 32 1 1 1 1 1 1 32 1 1 1 1 1 1 32 1 1 32 16 16 16 16 1 1 1 2 2 2 2 2 2 1 1 1 16 16 16 23 18 18 18 18 18 18 
18 18 18 18 18 24 32 1 1 32 32 32 32 32 1 1 1 1 1 1 32 32 32 32 16 16 16 1 1 1 1 1 1 2 1 1 1 1 1 1 16 16 16 23 18 18 18 18 18 18 
18 18 18 18 18 24 32 32 32 32 1 1 1 1 1 1 1 1 1 1 1 1 32 16 16 16 16 16 16 1 1 1 1 1 1 2 2 2 1 1 16 16 16 25 29 18 18 18 18 18 
18 18 18 18 18 30 22 32 1 1 1 1 1 1 1 1 1 1 1 1 1 32 32 16 16 16 16 16 16 16 16 16 16 16 16 1 16 16 16 16 16 16 16 1 23 18 18 18 18 18 
18 18 18 18 18 18 24 32 1 1 1 1 1 1 1 1 1 32 1 1 1 32 16 16 16 16 16 16 16 16 16 16 16 12 10 10 10 16 16 16 16 16 16 1 23 18 18 18 18 18 
18 18 18 18 18 18 24 32 32 32 32 32 32 32 32 32 32 1 12 10 10 10 10 10 13 16 16 16 16 16 16 16 16 8 3 3 3 7 16 16 16 16 16 16 25 29 18 18 18 18 
18 18 18 18 18 18 24 16 16 16 16 16 16 16 16 16 16 16 8 3 3 3 3 3 7 16 16 16 16 16 16 16 12 11 3 3 3 7 16 16 16 16 16 16 1 23 18 18 18 18 
18 18 18 18 18 18 24 16 16 16 16 16 16 16 16 16 16 16 8 3 3 3 3 3 7 16 16 16 16 16 16 16 8 3 3 3 3 7 16 16 16 16 16 16 16 31 18 18 18 18 
18 18 18 18 18 18 24 16 16 16 16 16 16 16 16 16 16 16 8 3 3 3 3 3 7 16 16 16 16 16 16 16 8 3 3 3 3 7 16 16 16 16 16 20 31 18 18 18 18 18 
18 18 18 18 18 18 30 22 16 16 16 16 16 16 16 16 16 16 14 5 5 6 3 3 7 16 16 16 16 16 16 12 11 3 3 3 4 15 16 16 16 33 20 31 18 18 18 18 18 18 
18 18 18 18 18 18 28 27 16 16 16 16 16 16 16 16 16 16 16 16 16 8 3 3 7 16 16 16 16 12 10 11 3 3 4 5 15 16 16 2 1 1 25 29 18 18 18 18 18 18 
18 18 18 18 18 18 24 16 16 16 16 12 10 10 10 10 10 10 10 13 16 8 3 3 7 16 16 12 10 11 3 3 3 3 15 16 16 20 21 21 22 1 1 23 18 18 18 18 18 18 
18 18 18 18 18 18 24 16 16 16 16 8 3 3 3 3 3 3 3 7 16 8 3 3 7 16 16 8 3 3 3 3 16 16 16 16 1 23 18 18 30 22 1 23 18 18 18 18 18 18 
18 18 18 18 18 18 24 16 16 16 12 11 3 4 5 5 5 6 3 9 10 11 3 3 7 16 16 8 3 3 3 16 16 16 16 20 21 31 18 18 18 24 1 25 29 18 18 18 18 18 
18 18 18 18 18 18 30 21 22 16 8 3 3 7 16 16 16 8 3 3 3 3 3 3 9 10 10 11 3 3 3 16 16 1 1 23 18 18 18 18 18 24 2 1 23 18 18 18 18 18 
18 18 18 18 18 18 18 28 27 16 8 3 3 7 16 16 16 8 3 3 3 3 3 3 3 3 3 3 3 3 3 16 16 1 1 23 18 18 18 28 26 27 2 1 23 18 18 18 18 18 
18 18 18 18 18 18 28 16 16 16 8 3 3 7 16 16 16 8 3 3 3 3 3 3 3 3 3 3 3 3 3 3 16 16 2 25 29 18 28 27 1 1 1 1 23 18 18 18 18 18 
18 18 18 18 18 18 24 16 16 16 8 3 3 7 16 16 16 14 5 5 5 6 3 3 3 4 5 5 5 6 3 3 3 16 16 16 25 26 27 1 1 20 21 21 31 18 18 18 18 18 
18 18 18 18 18 18 24 16 16 16 8 3 3 7 16 16 16 16 16 16 16 8 3 3 3 7 16 16 16 8 3 3 3 3 3 16 16 16 1 2 1 23 18 18 18 18 18 18 18 18 
18 18 18 18 18 18 24 16 16 16 14 5 5 15 16 16 16 16 16 16 16 8 3 3 3 7 16 16 16 2 5 6 3 3 3 1 1 1 1 1 1 25 29 18 18 18 18 18 18 18 
18 18 18 18 18 18 30 22 16 16 1 1 1 16 16 16 1 16 16 16 16 8 3 3 3 7 16 16 16 1 16 14 5 6 3 1 1 1 2 2 1 1 23 18 18 18 18 18 18 18 
18 18 18 18 18 18 18 30 22 1 1 1 1 1 1 1 1 16 16 16 16 8 3 3 3 7 16 16 16 1 1 16 16 14 5 1 1 1 1 1 1 1 23 18 18 18 18 18 18 18 
18 18 18 18 18 18 28 26 27 1 1 1 1 16 16 16 16 16 16 16 16 8 3 3 3 7 16 16 1 1 16 16 16 1 1 2 1 1 1 1 1 1 23 18 18 18 18 18 18 18 
18 18 18 18 18 28 27 1 1 1 1 1 1 16 16 16 16 16 16 16 16 14 5 5 5 15 16 16 1 1 1 1 1 1 1 1 1 2 2 2 2 1 23 18 18 18 18 18 18 18 
18 18 18 18 18 24 1 1 1 1 1 1 1 20 21 21 21 21 21 22 16 1 1 2 1 16 16 16 16 1 2 2 1 1 1 1 1 1 1 1 1 1 23 18 18 18 18 18 18 18 
18 18 18 18 28 27 1 1 1 1 1 1 1 23 18 18 18 18 28 16 16 2 2 1 1 16 16 16 1 1 1 2 2 1 1 1 1 1 1 20 21 21 31 18 18 18 18 18 18 18 
18 18 18 18 24 1 1 1 1 20 21 21 21 31 18 18 18 28 16 16 1 38 1 1 1 16 16 21 22 1 1 1 1 1 20 21 21 21 21 31 18 18 18 18 18 18 18 18 18 18 
18 18 18 18 24 1 1 20 21 31 18 18 18 18 18 18 18 24 16 16 1 1 1 1 20 21 31 18 30 21 21 21 22 1 23 18 18 18 18 18 18 18 18 18 18 18 18 18 18 18 
18 18 18 18 30 21 21 31 18 18 18 18 18 18 18 18 18 30 21 21 21 21 21 21 31 18 18 18 18 18 18 18 30 21 31 18 18 18 18 18 18 18 18 18 18 18 18 18 18 18 
18 18 18 18 18 18 18 18 18 18 18 18 18 18 18 18 18 18 18 18 18 18 18 18 18 18 18 18 18 18 18 18 18 18 18 18 18 18 18 18 18 18 18 18 18 18 18 18 18 18 
18 18 18 18 18 18 18 18 18 18 18 18 18 18 18 18 18 18 18 18 18 18 18 18 18 18 18 18 18 18 18 18 18 18 18 18 18 18 18 18 18 18 18 18 18 18 18 18 18 18 
18 18 18 18 18 18 18 18 18 18 18 18 18 18 18 18 18 18 18 18 18 18 18 18 18 18 18 18 18 18 18 18 18 18 18 18 18 18 18 18 18 18 18 18 18 18 18 18 18 18 
